index,0,1,2
26457,0.0,0.16,0.84
26458,0.31,0.1,0.59
26459,0.02,0.05,0.93
26460,0.17,0.11,0.72
26461,0.11833333333333332,0.27,0.6116666666666667
26462,0.06,0.15,0.79
26463,0.16,0.81,0.03
26464,0.07,0.21,0.72
26465,0.06,0.12,0.82
26466,0.05666666666666667,0.33333333333333326,0.61
26467,0.01,0.135,0.855
26468,0.01,0.06,0.93
26469,0.24,0.295,0.465
26470,0.1,0.22,0.68
26471,0.08,0.165,0.755
26472,0.245,0.07,0.685
26473,0.08333333333333331,0.22666666666666668,0.69
26474,0.33,0.65,0.02
26475,0.08628571428571429,0.46,0.4537142857142857
26476,0.04,0.22,0.74
26477,0.08900000000000001,0.29,0.621
26478,0.065,0.14,0.795
26479,0.06,0.15,0.79
26480,0.06,0.19,0.75
26481,0.0975,0.24,0.6625
26482,0.19,0.15,0.66
26483,0.03,0.17,0.8
26484,0.092,0.21400000000000002,0.6940000000000001
26485,0.04,0.16,0.8
26486,0.06,0.225,0.715
26487,0.12,0.13166666666666665,0.7483333333333334
26488,0.16,0.838,0.002
26489,0.06833333333333333,0.15466666666666667,0.777
26490,0.0,0.15,0.85
26491,0.12,0.07333333333333333,0.8066666666666665
26492,0.045,0.13,0.825
26493,0.55,0.45,0.0
26494,0.08,0.06,0.86
26495,0.06833333333333334,0.1,0.8316666666666666
26496,0.23,0.26,0.51
26497,0.08333333333333331,0.76,0.15666666666666665
26498,0.05666666666666667,0.5,0.44333333333333336
26499,0.024,0.11,0.866
26500,0.08,0.22333333333333336,0.6966666666666668
26501,0.12666666666666665,0.08,0.7933333333333334
26502,0.02,0.05,0.93
26503,0.2225,0.28,0.4975
26504,0.17,0.31,0.52
26505,0.1,0.11,0.79
26506,0.07,0.92,0.01
26507,0.16,0.82,0.02
26508,0.33,0.175,0.495
26509,0.12,0.12,0.76
26510,0.15,0.26,0.59
26511,0.06,0.11,0.83
26512,0.08,0.37,0.55
26513,0.04,0.085,0.875
26514,0.03,0.09,0.88
26515,0.15999999999999998,0.04333333333333334,0.7966666666666665
26516,0.08833333333333332,0.195,0.7166666666666666
26517,0.225,0.775,0.0
26518,0.09,0.2,0.71
26519,0.225,0.09,0.685
26520,0.05,0.605,0.345
26521,0.055,0.32,0.625
26522,0.10833333333333332,0.23166666666666663,0.66
26523,0.07,0.11,0.82
26524,0.09,0.18333333333333332,0.7266666666666667
26525,0.17333333333333337,0.17666666666666664,0.65
26526,0.12,0.15,0.73
26527,0.125,0.3308333333333333,0.5441666666666667
26528,0.15333333333333335,0.8466666666666666,0.0
26529,0.37111111111111117,0.04777777777777778,0.581111111111111
26530,0.04,0.32,0.64
26531,0.08,0.2833333333333333,0.6366666666666666
26532,0.31,0.03,0.66
26533,0.06,0.2376666666666667,0.7023333333333334
26534,0.14,0.17,0.69
26535,0.09,0.145,0.765
26536,0.21166666666666667,0.10666666666666666,0.6816666666666668
26537,0.06,0.12,0.82
26538,0.14,0.18,0.68
26539,0.04,0.195,0.765
26540,0.05,0.1,0.85
26541,0.22,0.2758333333333333,0.5041666666666667
26542,0.06,0.12,0.82
26543,0.22,0.18,0.6
26544,0.1875,0.11,0.7025
26545,0.05,0.125,0.825
26546,0.04,0.16,0.8
26547,0.04,0.21,0.75
26548,0.09,0.03,0.88
26549,0.33666666666666667,0.6633333333333334,0.0
26550,0.065,0.38066666666666665,0.5543333333333335
26551,0.03,0.11,0.86
26552,0.1,0.12,0.78
26553,0.08,0.18,0.74
26554,0.34,0.28833333333333333,0.3716666666666667
26555,0.05,0.07,0.88
26556,0.0375,0.25,0.7125
26557,0.09,0.08,0.83
26558,0.54,0.04666666666666666,0.4133333333333333
26559,0.21166666666666664,0.16366666666666668,0.6246666666666666
26560,0.1,0.18666666666666665,0.7133333333333333
26561,0.06,0.26,0.68
26562,0.03,0.10333333333333333,0.8666666666666666
26563,0.1,0.08,0.82
26564,0.02,0.18,0.8
26565,0.06,0.4076666666666667,0.5323333333333333
26566,0.2475,0.1425,0.61
26567,0.09,0.25,0.66
26568,0.19,0.76,0.05
26569,0.03,0.18,0.79
26570,0.07,0.31,0.62
26571,0.04,0.13,0.83
26572,0.1,0.375,0.525
26573,0.155,0.245,0.6
26574,0.215,0.115,0.67
26575,0.084,0.252,0.664
26576,0.02,0.14,0.84
26577,0.14,0.18,0.68
26578,0.15,0.26,0.59
26579,0.20166666666666663,0.7783333333333333,0.02
26580,0.059833333333333336,0.1575,0.7826666666666666
26581,0.13,0.18,0.69
26582,0.02,0.04,0.94
26583,0.17,0.13,0.7
26584,0.1,0.16,0.74
26585,0.045,0.615,0.34
26586,0.18,0.405,0.415
26587,0.12333333333333334,0.20166666666666663,0.675
26588,0.03,0.13,0.84
26589,0.05,0.07,0.88
26590,0.09,0.39,0.52
26591,0.11,0.88,0.01
26592,0.33,0.12666666666666665,0.5433333333333333
26593,0.17,0.3,0.53
26594,0.04,0.33,0.63
26595,0.03,0.02,0.95
26596,0.02,0.13,0.85
26597,0.08,0.29,0.63
26598,0.11,0.25,0.64
26599,0.11,0.055,0.835
26600,0.04,0.19,0.77
26601,0.076,0.12,0.804
26602,0.115,0.175,0.71
26603,0.06,0.11,0.83
26604,0.01,0.2,0.79
26605,0.05,0.18,0.77
26606,0.1725,0.31416666666666665,0.5133333333333333
26607,0.26,0.74,0.0
26608,0.03,0.115,0.855
26609,0.12,0.08,0.8
26610,0.33166666666666667,0.6283333333333333,0.04
26611,0.1,0.21,0.69
26612,0.12,0.54,0.34
26613,0.29,0.1,0.61
26614,0.02,0.06,0.92
26615,0.07,0.17,0.76
26616,0.06,0.1225,0.8175
26617,0.17,0.21,0.62
26618,0.095,0.31,0.595
26619,0.1,0.3216666666666667,0.5783333333333334
26620,0.28,0.7,0.02
26621,0.0965,0.1335,0.77
26622,0.01,0.3,0.69
26623,0.1,0.67,0.23
26624,0.04,0.1,0.86
26625,0.19,0.13,0.68
26626,0.17,0.03,0.8
26627,0.11,0.14583333333333334,0.7441666666666665
26628,0.05,0.02,0.93
26629,0.1,0.12,0.78
26630,0.08,0.18,0.74
26631,0.15,0.09,0.76
26632,0.19,0.21,0.6
26633,0.05,0.295,0.655
26634,0.08,0.17,0.75
26635,0.055,0.37,0.575
26636,0.1,0.23,0.67
26637,0.03,0.02,0.95
26638,0.07,0.51,0.42
26639,0.55,0.375,0.075
26640,0.07,0.1,0.83
26641,0.03833333333333333,0.54,0.42166666666666663
26642,0.065,0.06,0.875
26643,0.1,0.1675,0.7325
26644,0.1275,0.09,0.7825
26645,0.11,0.045,0.845
26646,0.25,0.17,0.58
26647,0.1,0.19,0.71
26648,0.15,0.41,0.44
26649,0.1625,0.18,0.6575
26650,0.29866666666666664,0.6813333333333332,0.02
26651,0.3876190476190476,0.5423809523809524,0.07
26652,0.19,0.17,0.64
26653,0.05,0.07,0.88
26654,0.02,0.7166666666666666,0.2633333333333333
26655,0.06333333333333332,0.3766666666666667,0.56
26656,0.13666666666666666,0.14,0.7233333333333333
26657,0.11,0.1,0.79
26658,0.07,0.29,0.64
26659,0.17800000000000002,0.19,0.632
26660,0.11,0.42,0.47
26661,0.09333333333333332,0.11,0.7966666666666665
26662,0.01,0.29,0.7
26663,0.24,0.29,0.47
26664,0.07,0.14,0.79
26665,0.203,0.12,0.677
26666,0.06,0.48,0.46
26667,0.17,0.20350000000000001,0.6265
26668,0.12,0.395,0.485
26669,0.03,0.3646666666666667,0.6053333333333334
26670,0.15,0.25,0.6
26671,0.055999999999999994,0.095,0.8490000000000001
26672,0.13,0.1025,0.7675
26673,0.11,0.21666666666666667,0.6733333333333335
26674,0.11833333333333332,0.1,0.7816666666666667
26675,0.1,0.21,0.69
26676,0.134,0.15,0.716
26677,0.07,0.135,0.795
26678,0.15,0.1416666666666667,0.7083333333333333
26679,0.36333333333333334,0.1,0.5366666666666666
26680,0.06333333333333332,0.065,0.8716666666666666
26681,0.08,0.09,0.83
26682,0.06,0.29,0.65
26683,0.03,0.6,0.37
26684,0.06,0.1775,0.7625
26685,0.2,0.14,0.66
26686,0.07,0.195,0.735
26687,0.1,0.18,0.72
26688,0.12,0.54,0.34
26689,0.04333333333333333,0.18016666666666667,0.7765000000000001
26690,0.02,0.185,0.795
26691,0.08,0.18,0.74
26692,0.07,0.14,0.79
26693,0.26,0.11,0.63
26694,0.6039999999999999,0.38600000000000007,0.01
26695,0.1815,0.04,0.7785
26696,0.03,0.19,0.78
26697,0.0325,0.1575,0.81
26698,0.06,0.12133333333333333,0.8186666666666667
26699,0.16,0.22,0.62
26700,0.09,0.22,0.69
26701,0.14,0.41,0.45
26702,0.15583333333333335,0.33,0.5141666666666667
26703,0.06,0.18,0.76
26704,0.05166666666666666,0.235,0.7133333333333334
26705,0.19,0.08,0.73
26706,0.085,0.11,0.805
26707,0.6325,0.0575,0.31
26708,0.06666666666666667,0.18333333333333335,0.75
26709,0.12,0.12,0.76
26710,0.08,0.555,0.365
26711,0.17,0.12,0.71
26712,0.08,0.21,0.71
26713,0.13866666666666666,0.3133333333333333,0.5479999999999999
26714,0.05333333333333333,0.32,0.6266666666666666
26715,0.01,0.47,0.52
26716,0.04,0.8,0.16
26717,0.12,0.1425,0.7375
26718,0.06,0.11,0.83
26719,0.16,0.285,0.555
26720,0.1793333333333333,0.18666666666666668,0.634
26721,0.085,0.27549999999999997,0.6395000000000001
26722,0.12,0.16833333333333333,0.7116666666666667
26723,0.135,0.09,0.775
26724,0.07,0.33,0.6
26725,0.06,0.52,0.42
26726,0.1,0.5660000000000001,0.33399999999999996
26727,0.025,0.08333333333333331,0.8916666666666667
26728,0.06,0.5,0.44
26729,0.31,0.1225,0.5675
26730,0.03,0.23,0.74
26731,0.03,0.13,0.84
26732,0.16,0.83,0.01
26733,0.06,0.1733333333333333,0.7666666666666666
26734,0.01,0.15,0.84
26735,0.021666666666666664,0.16,0.8183333333333332
26736,0.06,0.11,0.83
26737,0.2936666666666666,0.14,0.5663333333333331
26738,0.055,0.06,0.885
26739,0.3325,0.1225,0.545
26740,0.07,0.11,0.82
26741,0.24333333333333332,0.7566666666666667,0.0
26742,0.05333333333333333,0.2,0.7466666666666666
26743,0.22,0.07,0.71
26744,0.11083333333333333,0.254,0.6351666666666667
26745,0.05,0.02,0.93
26746,0.04,0.19,0.77
26747,0.06166666666666667,0.38333333333333336,0.555
26748,0.08,0.42,0.5
26749,0.02,0.29,0.69
26750,0.07,0.11,0.82
26751,0.09,0.125,0.785
26752,0.09,0.49,0.42
26753,0.05,0.09233333333333334,0.8576666666666667
26754,0.04,0.07,0.89
26755,0.06166666666666667,0.2033333333333333,0.735
26756,0.18,0.07,0.75
26757,0.13,0.13166666666666668,0.7383333333333333
26758,0.0375,0.288,0.6744999999999999
26759,0.028333333333333332,0.32166666666666666,0.65
26760,0.036000000000000004,0.264,0.7
26761,0.09,0.145,0.765
26762,0.12,0.16,0.72
26763,0.05,0.1,0.85
26764,0.084,0.09933333333333333,0.8166666666666665
26765,0.13,0.11,0.76
26766,0.1,0.43,0.47
26767,0.12,0.12,0.76
26768,0.05,0.94,0.01
26769,0.11,0.25,0.64
26770,0.17,0.29,0.54
26771,0.15,0.84,0.01
26772,0.3,0.08,0.62
26773,0.14933333333333335,0.2,0.6506666666666666
26774,0.09,0.17,0.74
26775,0.06,0.39,0.55
26776,0.05,0.06,0.89
26777,0.22,0.10666666666666666,0.6733333333333333
26778,0.06833333333333333,0.14,0.7916666666666667
26779,0.12,0.06333333333333332,0.8166666666666665
26780,0.1,0.34,0.56
26781,0.04,0.115,0.845
26782,0.08,0.07,0.85
26783,0.15,0.2883333333333333,0.5616666666666665
26784,0.20166666666666663,0.3,0.4983333333333333
26785,0.03,0.18416666666666665,0.7858333333333334
26786,0.2833333333333333,0.025,0.6916666666666668
26787,0.04,0.09333333333333334,0.8666666666666667
26788,0.08,0.11,0.81
26789,0.165,0.345,0.49
26790,0.084,0.517,0.39899999999999997
26791,0.01,0.16,0.83
26792,0.11,0.13666666666666666,0.7533333333333334
26793,0.07,0.18,0.75
26794,0.02,0.12,0.86
26795,0.06666666666666667,0.2045,0.7288333333333332
26796,0.21,0.75,0.04
26797,0.09,0.166,0.7440000000000001
26798,0.29,0.27,0.44
26799,0.11,0.26,0.63
26800,0.11,0.87,0.02
26801,0.07,0.44,0.49
26802,0.04666666666666666,0.16,0.7933333333333333
26803,0.11,0.10333333333333332,0.7866666666666666
26804,0.06,0.04,0.9
26805,0.12,0.17,0.71
26806,0.01,0.19,0.8
26807,0.055,0.10333333333333332,0.8416666666666666
26808,0.12,0.42,0.46
26809,0.10583333333333332,0.24,0.6541666666666667
26810,0.02,0.18,0.8
26811,0.09,0.12333333333333332,0.7866666666666666
26812,0.025,0.26,0.715
26813,0.17,0.3735,0.45649999999999996
26814,0.02,0.19,0.79
26815,0.2,0.155,0.645
26816,0.06,0.46333333333333326,0.47666666666666674
26817,0.08,0.16,0.76
26818,0.13,0.19,0.68
26819,0.07,0.13,0.8
26820,0.14833333333333334,0.8316666666666667,0.02
26821,0.11,0.88,0.01
26822,0.03,0.14,0.83
26823,0.07,0.1,0.83
26824,0.13,0.21,0.66
26825,0.095,0.235,0.67
26826,0.13,0.12,0.75
26827,0.04,0.244,0.716
26828,0.18,0.19,0.63
26829,0.0,0.08,0.92
26830,0.05,0.1315,0.8184999999999999
26831,0.08,0.075,0.845
26832,0.0575,0.06,0.8825
26833,0.115,0.18,0.705
26834,0.04,0.31,0.65
26835,0.34,0.085,0.575
26836,0.09,0.36,0.55
26837,0.2333333333333333,0.09,0.6766666666666665
26838,0.06,0.4091666666666666,0.5308333333333334
26839,0.51,0.1,0.39
26840,0.15,0.17,0.68
26841,0.07,0.11,0.82
26842,0.11,0.18,0.71
26843,0.06,0.20666666666666667,0.7333333333333333
26844,0.08333333333333331,0.6666666666666665,0.25
26845,0.335,0.115,0.55
26846,0.09,0.065,0.845
26847,0.06,0.37,0.57
26848,0.16,0.10833333333333334,0.7316666666666667
26849,0.12166666666666666,0.1,0.7783333333333334
26850,0.1366666666666667,0.31,0.5533333333333333
26851,0.085,0.18333333333333335,0.7316666666666666
26852,0.08,0.59,0.33
26853,0.08,0.1,0.82
26854,0.19,0.78,0.03
26855,0.22,0.24,0.54
26856,0.0725,0.16,0.7675
26857,0.1,0.16666666666666663,0.7333333333333333
26858,0.07,0.434,0.496
26859,0.07,0.64,0.29
26860,0.06,0.63,0.31
26861,0.2325,0.24,0.5275
26862,0.13,0.29,0.58
26863,0.0675,0.21,0.7225
26864,0.05,0.55,0.4
26865,0.1,0.17,0.73
26866,0.0,0.065,0.935
26867,0.11,0.07,0.82
26868,0.03,0.18899999999999997,0.7809999999999999
26869,0.04,0.125,0.835
26870,0.12,0.4833333333333333,0.3966666666666667
26871,0.01,0.345,0.645
26872,0.08,0.3183333333333333,0.6016666666666667
26873,0.09166666666666667,0.2,0.7083333333333335
26874,0.06,0.35,0.59
26875,0.005,0.34049999999999997,0.6545000000000002
26876,0.12,0.06,0.82
26877,0.03,0.21,0.76
26878,0.19,0.2775,0.5325
26879,0.08,0.1,0.82
26880,0.3525,0.1,0.5475
26881,0.09,0.28,0.63
26882,0.16,0.01,0.83
26883,0.05,0.21,0.74
26884,0.01,0.71,0.28
26885,0.39,0.105,0.505
26886,0.04,0.03,0.93
26887,0.09,0.08,0.83
26888,0.25316666666666665,0.17783333333333332,0.5690000000000001
26889,0.12566666666666668,0.11666666666666665,0.7576666666666667
26890,0.08,0.32,0.6
26891,0.08,0.435,0.485
26892,0.09333333333333334,0.34,0.5666666666666667
26893,0.16,0.4113333333333333,0.4286666666666667
26894,0.0,0.025,0.975
26895,0.04,0.32,0.64
26896,0.1,0.13,0.77
26897,0.09333333333333332,0.13666666666666666,0.77
26898,0.13333333333333333,0.09,0.7766666666666667
26899,0.13,0.09,0.78
26900,0.058499999999999996,0.2508333333333333,0.6906666666666667
26901,0.04,0.19149999999999998,0.7685
26902,0.07,0.07,0.86
26903,0.14666666666666667,0.24,0.6133333333333334
26904,0.18,0.79,0.03
26905,0.2,0.21,0.59
26906,0.04,0.08166666666666667,0.8783333333333333
26907,0.09,0.08,0.83
26908,0.02,0.23,0.75
26909,0.13,0.5025,0.3675
26910,0.16,0.225,0.615
26911,0.17,0.195,0.635
26912,0.05,0.15,0.8
26913,0.16,0.23,0.61
26914,0.08199999999999999,0.19416666666666668,0.7238333333333332
26915,0.07,0.155,0.775
26916,0.21,0.78,0.01
26917,0.09,0.105,0.805
26918,0.08666666666666668,0.1625,0.7508333333333335
26919,0.19,0.41,0.4
26920,0.05,0.19,0.76
26921,0.1,0.545,0.355
26922,0.16,0.46,0.38
26923,0.06,0.07,0.87
26924,0.07,0.19633333333333333,0.7336666666666667
26925,0.09,0.14,0.77
26926,0.09666666666666666,0.285,0.6183333333333333
26927,0.09,0.28,0.63
26928,0.09,0.91,0.0
26929,0.075,0.2725,0.6525
26930,0.04,0.43,0.53
26931,0.1,0.9,0.0
26932,0.1225,0.27,0.6075
26933,0.4275,0.1433333333333333,0.42916666666666664
26934,0.12333333333333332,0.15,0.7266666666666666
26935,0.095,0.29833333333333334,0.6066666666666667
26936,0.03,0.14,0.83
26937,0.18,0.29,0.53
26938,0.3366666666666667,0.6533333333333333,0.01
26939,0.21,0.75,0.04
26940,0.14,0.16433333333333333,0.6956666666666667
26941,0.09,0.16033333333333333,0.7496666666666667
26942,0.09,0.13,0.78
26943,0.12,0.46,0.42
26944,0.1,0.13,0.77
26945,0.056666666666666664,0.545,0.3983333333333334
26946,0.04,0.06,0.9
26947,0.03,0.13,0.84
26948,0.135,0.275,0.59
26949,0.18,0.04,0.78
26950,0.31,0.12,0.57
26951,0.665,0.20166666666666663,0.13333333333333333
26952,0.12666666666666665,0.11,0.7633333333333334
26953,0.11,0.1375,0.7525
26954,0.06,0.09,0.85
26955,0.08,0.5,0.42
26956,0.0725,0.09,0.8375
26957,0.68,0.10833333333333334,0.21166666666666667
26958,0.0625,0.21,0.7275
26959,0.21,0.24,0.55
26960,0.11583333333333334,0.17,0.7141666666666666
26961,0.115,0.155,0.73
26962,0.07,0.65,0.28
26963,0.26,0.11,0.63
26964,0.02,0.42,0.56
26965,0.08800000000000001,0.5361666666666667,0.3758333333333333
26966,0.1,0.13,0.77
26967,0.06666666666666667,0.23,0.7033333333333335
26968,0.07666666666666667,0.36,0.5633333333333334
26969,0.045,0.215,0.74
26970,0.22,0.14,0.64
26971,0.1,0.23,0.67
26972,0.21,0.32666666666666666,0.46333333333333326
26973,0.16,0.16,0.68
26974,0.11,0.07,0.82
26975,0.175,0.12,0.705
26976,0.125,0.865,0.01
26977,0.04,0.14,0.82
26978,0.11333333333333333,0.10333333333333332,0.7833333333333334
26979,0.1025,0.29583333333333334,0.6016666666666667
26980,0.05566666666666666,0.08,0.8643333333333334
26981,0.03,0.5,0.47
26982,0.11,0.18,0.71
26983,0.1,0.29,0.61
26984,0.06,0.19,0.75
26985,0.08,0.3133333333333333,0.6066666666666667
26986,0.08,0.095,0.825
26987,0.04,0.27,0.69
26988,0.06,0.43,0.51
26989,0.04666666666666666,0.2823095238095238,0.6710238095238097
26990,0.09,0.07,0.84
26991,0.095,0.15,0.755
26992,0.11,0.405,0.485
26993,0.06066666666666667,0.13333333333333333,0.8059999999999999
26994,0.21,0.25666666666666665,0.5333333333333333
26995,0.17083333333333336,0.15,0.6791666666666667
26996,0.04,0.18666666666666665,0.7733333333333334
26997,0.34,0.14166666666666666,0.5183333333333333
26998,0.205,0.09,0.705
26999,0.2225,0.085,0.6925
27000,0.07,0.25,0.68
27001,0.02333333333333333,0.517,0.45966666666666667
27002,0.1,0.47,0.43
27003,0.15,0.15,0.7
27004,0.2366666666666667,0.10833333333333334,0.655
27005,0.1,0.57,0.33
27006,0.166,0.0965,0.7375
27007,0.07,0.38,0.55
27008,0.16833333333333336,0.29233333333333333,0.5393333333333333
27009,0.08,0.38,0.54
27010,0.12,0.3025,0.5775
27011,0.03,0.6416666666666666,0.3283333333333333
27012,0.15,0.0,0.85
27013,0.21,0.19699999999999998,0.593
27014,0.03,0.53,0.44
27015,0.04,0.17,0.79
27016,0.03,0.3383333333333334,0.6316666666666667
27017,0.15,0.11,0.74
27018,0.11816666666666667,0.11,0.7718333333333334
27019,0.11,0.21600000000000003,0.674
27020,0.06,0.581,0.359
27021,0.05,0.07,0.88
27022,0.03,0.08666666666666666,0.8833333333333333
27023,0.14,0.4318333333333333,0.42816666666666664
27024,0.1075,0.2,0.6925
27025,0.135,0.03666666666666667,0.8283333333333335
27026,0.12,0.21,0.67
27027,0.05,0.055999999999999994,0.894
27028,0.22,0.22,0.56
27029,0.05,0.19,0.76
27030,0.1,0.3575,0.5425
27031,0.44566666666666666,0.16433333333333333,0.39
27032,0.16,0.24,0.6
27033,0.19,0.11,0.7
27034,0.17,0.19,0.64
27035,0.32,0.105,0.575
27036,0.06666666666666667,0.05,0.8833333333333333
27037,0.145,0.19333333333333336,0.6616666666666666
27038,0.1,0.12,0.78
27039,0.26,0.155,0.585
27040,0.34,0.08,0.58
27041,0.07,0.08,0.85
27042,0.21666666666666667,0.7483333333333333,0.035
27043,0.06,0.12166666666666666,0.8183333333333335
27044,0.03,0.145,0.825
27045,0.06,0.415,0.525
27046,0.11,0.1,0.79
27047,0.14,0.34,0.52
27048,0.41,0.57,0.02
27049,0.18,0.55,0.27
27050,0.18,0.16,0.66
27051,0.06,0.316,0.624
27052,0.12,0.05,0.83
27053,0.03583333333333333,0.21416666666666664,0.75
27054,0.05333333333333333,0.125,0.8216666666666668
27055,0.147,0.843,0.01
27056,0.19666666666666668,0.7433333333333333,0.06
27057,0.065,0.09,0.845
27058,0.18,0.34,0.48
27059,0.09,0.3316666666666667,0.5783333333333334
27060,0.09,0.3325,0.5775
27061,0.45,0.09,0.46
27062,0.32,0.09,0.59
27063,0.135,0.28,0.585
27064,0.02,0.075,0.905
27065,0.15,0.248,0.602
27066,0.05,0.01,0.94
27067,0.14,0.17,0.69
27068,0.18,0.02,0.8
27069,0.01,0.14,0.85
27070,0.07,0.2,0.73
27071,0.056666666666666664,0.04,0.9033333333333334
27072,0.07,0.075,0.855
27073,0.1375,0.07,0.7925
27074,0.11,0.33,0.56
27075,0.10833333333333334,0.21666666666666667,0.675
27076,0.305,0.13666666666666666,0.5583333333333332
27077,0.03,0.085,0.885
27078,0.11,0.06,0.83
27079,0.05,0.12833333333333333,0.8216666666666668
27080,0.094,0.49,0.41600000000000004
27081,0.16,0.03,0.81
27082,0.02333333333333333,0.08,0.8966666666666666
27083,0.12,0.18,0.7
27084,0.11599999999999999,0.51,0.374
27085,0.045,0.08,0.875
27086,0.385,0.08,0.535
27087,0.0695,0.0825,0.848
27088,0.055,0.1,0.845
27089,0.12666666666666665,0.17166666666666663,0.7016666666666667
27090,0.075,0.14,0.785
27091,0.09,0.25,0.66
27092,0.266,0.674,0.06
27093,0.18,0.28,0.54
27094,0.13,0.075,0.795
27095,0.04,0.02,0.94
27096,0.15,0.49,0.36
27097,0.175,0.34,0.485
27098,0.12,0.24,0.64
27099,0.03,0.19,0.78
27100,0.03,0.09,0.88
27101,0.09,0.26,0.65
27102,0.03,0.25,0.72
27103,0.04,0.21333333333333335,0.7466666666666666
27104,0.12666666666666668,0.04,0.8333333333333333
27105,0.05,0.12,0.83
27106,0.0,0.09,0.91
27107,0.065,0.2,0.735
27108,0.14333333333333334,0.23,0.6266666666666666
27109,0.14666666666666667,0.13,0.7233333333333333
27110,0.09,0.3,0.61
27111,0.07,0.26,0.67
27112,0.565,0.12,0.315
27113,0.075,0.065,0.86
27114,0.12,0.12,0.76
27115,0.17333333333333337,0.26,0.5666666666666667
27116,0.15,0.44,0.41
27117,0.11333333333333334,0.6866666666666668,0.2
27118,0.05,0.05,0.9
27119,0.124,0.6,0.276
27120,0.1,0.87,0.03
27121,0.28,0.71,0.01
27122,0.06,0.28,0.66
27123,0.11516666666666665,0.11,0.7748333333333334
27124,0.4083333333333334,0.1366666666666667,0.455
27125,0.18,0.23,0.59
27126,0.11,0.135,0.755
27127,0.06,0.248,0.6920000000000001
27128,0.15,0.155,0.695
27129,0.29233333333333333,0.095,0.6126666666666666
27130,0.086,0.17,0.7440000000000001
27131,0.271,0.15,0.579
27132,0.31,0.19,0.5
27133,0.05,0.65,0.3
27134,0.14,0.335,0.525
27135,0.18083333333333335,0.8191666666666666,0.0
27136,0.13,0.43,0.44
27137,0.21,0.08,0.71
27138,0.6,0.12,0.28
27139,0.1,0.155,0.745
27140,0.29,0.09,0.62
27141,0.15,0.26,0.59
27142,0.10333333333333332,0.22266666666666668,0.674
27143,0.06,0.1975,0.7425
27144,0.19899999999999998,0.07166666666666667,0.7293333333333334
27145,0.255,0.24,0.505
27146,0.09666666666666666,0.1,0.8033333333333332
27147,0.04,0.06333333333333334,0.8966666666666666
27148,0.03666666666666667,0.20600000000000002,0.7573333333333333
27149,0.08,0.28,0.64
27150,0.07,0.1,0.83
27151,0.04,0.30499999999999994,0.655
27152,0.2,0.13,0.67
27153,0.04,0.14,0.82
27154,0.06,0.38,0.56
27155,0.14,0.27,0.59
27156,0.18666666666666665,0.13,0.6833333333333335
27157,0.07,0.135,0.795
27158,0.04,0.085,0.875
27159,0.085,0.05,0.865
27160,0.13,0.09,0.78
27161,0.37,0.185,0.445
27162,0.08,0.03833333333333334,0.8816666666666667
27163,0.03333333333333333,0.08,0.8866666666666667
27164,0.065,0.14,0.795
27165,0.174,0.08,0.746
27166,0.0625,0.26716666666666666,0.6703333333333333
27167,0.075,0.2565,0.6685
27168,0.16666666666666669,0.25,0.5833333333333333
27169,0.03,0.12,0.85
27170,0.21,0.14,0.65
27171,0.165,0.22666666666666668,0.6083333333333334
27172,0.0,0.23,0.77
27173,0.07,0.293,0.637
27174,0.08,0.5558333333333334,0.3641666666666667
27175,0.255,0.07,0.675
27176,0.12,0.16399999999999998,0.716
27177,0.1,0.28,0.62
27178,0.05,0.24,0.71
27179,0.0275,0.2325,0.74
27180,0.05,0.22,0.73
27181,0.12,0.12,0.76
27182,0.04,0.16,0.8
27183,0.065,0.12833333333333333,0.8066666666666665
27184,0.06333333333333334,0.08166666666666667,0.855
27185,0.04,0.11666666666666665,0.8433333333333333
27186,0.02,0.40549999999999997,0.5745
27187,0.06,0.31,0.63
27188,0.20066666666666666,0.07,0.7293333333333334
27189,0.01,0.11,0.88
27190,0.16,0.06,0.78
27191,0.22,0.77,0.01
27192,0.06,0.26,0.68
27193,0.11,0.215,0.675
27194,0.18166666666666667,0.21833333333333332,0.6
27195,0.08,0.1,0.82
27196,0.05,0.15,0.8
27197,0.06,0.11,0.83
27198,0.045,0.1,0.855
27199,0.14,0.11,0.75
27200,0.07166666666666667,0.47416666666666674,0.45416666666666666
27201,0.15333333333333335,0.15333333333333335,0.6933333333333335
27202,0.06,0.428,0.512
27203,0.125,0.11,0.765
27204,0.205,0.235,0.56
27205,0.08,0.05,0.87
27206,0.04166666666666666,0.14833333333333334,0.81
27207,0.025,0.245,0.73
27208,0.12,0.06,0.82
27209,0.2275,0.205,0.5675
27210,0.05,0.07,0.88
27211,0.06,0.25,0.69
27212,0.07083333333333335,0.029166666666666664,0.9
27213,0.046,0.3306666666666666,0.6233333333333333
27214,0.08,0.28,0.64
27215,0.13,0.36,0.51
27216,0.18266666666666664,0.0525,0.7648333333333335
27217,0.35,0.1525,0.4975
27218,0.09,0.24,0.67
27219,0.04,0.38,0.58
27220,0.05,0.29,0.66
27221,0.62,0.12,0.26
27222,0.3576190476190476,0.6123809523809524,0.03
27223,0.04,0.195,0.765
27224,0.08,0.43,0.49
27225,0.125,0.1,0.775
27226,0.48,0.4075,0.1125
27227,0.425,0.565,0.01
27228,0.12,0.51,0.37
27229,0.28,0.14,0.58
27230,0.4083333333333334,0.115,0.47666666666666674
27231,0.03,0.1,0.87
27232,0.1,0.25,0.65
27233,0.18,0.19,0.63
27234,0.08166666666666667,0.09,0.8283333333333335
27235,0.10333333333333332,0.205,0.6916666666666665
27236,0.41,0.17,0.42
27237,0.15,0.36,0.49
27238,0.1,0.27,0.63
27239,0.115,0.27,0.615
27240,0.15,0.82,0.03
27241,0.19,0.3225,0.4875
27242,0.11833333333333335,0.12791666666666665,0.75375
27243,0.08,0.2575,0.6625
27244,0.225,0.04,0.735
27245,0.17666666666666667,0.11333333333333334,0.71
27246,0.04,0.06,0.9
27247,0.23,0.18333333333333332,0.5866666666666667
27248,0.01,0.65,0.34
27249,0.01,0.07,0.92
27250,0.14,0.24,0.62
27251,0.05,0.08,0.87
27252,0.1175,0.315,0.5675
27253,0.08,0.24,0.68
27254,0.14,0.36,0.5
27255,0.07,0.03,0.9
27256,0.22,0.185,0.595
27257,0.57,0.08,0.35
27258,0.10666666666666666,0.17833333333333334,0.715
27259,0.11,0.19,0.7
27260,0.25,0.1,0.65
27261,0.12,0.161,0.7190000000000001
27262,0.13,0.29,0.58
27263,0.13,0.31,0.56
27264,0.08666666666666666,0.215,0.6983333333333335
27265,0.04,0.06,0.9
27266,0.2,0.13,0.67
27267,0.16,0.4433333333333333,0.3966666666666667
27268,0.1,0.1,0.8
27269,0.25,0.11,0.64
27270,0.08,0.124,0.7959999999999999
27271,0.11,0.0875,0.8025
27272,0.11,0.146,0.7440000000000001
27273,0.21,0.22,0.57
27274,0.16,0.04,0.8
27275,0.03,0.12,0.85
27276,0.115,0.16,0.725
27277,0.06,0.24,0.7
27278,0.08,0.28,0.64
27279,0.2,0.1225,0.6775
27280,0.09,0.22,0.69
27281,0.44,0.08666666666666666,0.4733333333333334
27282,0.055,0.15,0.795
27283,0.165,0.815,0.02
27284,0.14,0.84,0.02
27285,0.22,0.18,0.6
27286,0.13,0.28,0.59
27287,0.04,0.31166666666666665,0.6483333333333333
27288,0.02,0.19,0.79
27289,0.0,0.12,0.88
27290,0.06666666666666667,0.32,0.6133333333333333
27291,0.14,0.175,0.685
27292,0.107,0.22066666666666662,0.6723333333333333
27293,0.17833333333333334,0.20333333333333337,0.6183333333333333
27294,0.05333333333333334,0.3283333333333333,0.6183333333333333
27295,0.0,0.13,0.87
27296,0.03,0.21666666666666667,0.7533333333333333
27297,0.25,0.2,0.55
27298,0.06,0.42166666666666663,0.5183333333333333
27299,0.05,0.26666666666666666,0.6833333333333332
27300,0.4,0.10833333333333332,0.49166666666666664
27301,0.06,0.17,0.77
27302,0.11666666666666665,0.5,0.38333333333333336
27303,0.47,0.075,0.455
27304,0.03,0.16,0.81
27305,0.03,0.36,0.61
27306,0.05,0.04,0.91
27307,0.12,0.13,0.75
27308,0.45,0.094,0.456
27309,0.07,0.12,0.81
27310,0.02,0.21,0.77
27311,0.12333333333333334,0.15333333333333332,0.7233333333333333
27312,0.08,0.155,0.765
27313,0.14,0.13,0.73
27314,0.12,0.24,0.64
27315,0.07,0.06,0.87
27316,0.08,0.18,0.74
27317,0.235,0.765,0.0
27318,0.01,0.7666666666666667,0.22333333333333336
27319,0.07,0.2,0.73
27320,0.15,0.19,0.66
27321,0.08,0.19,0.73
27322,0.2,0.27,0.53
27323,0.09,0.13,0.78
27324,0.07,0.17,0.76
27325,0.015,0.46,0.525
27326,0.17,0.13,0.7
27327,0.19833333333333333,0.7216666666666667,0.08
27328,0.17,0.18666666666666668,0.6433333333333333
27329,0.045,0.115,0.8399999999999999
27330,0.05,0.62,0.33
27331,0.14,0.11199999999999999,0.748
27332,0.17,0.13764285714285715,0.6923571428571428
27333,0.1,0.15,0.75
27334,0.06,0.08,0.86
27335,0.03,0.2,0.77
27336,0.15,0.18,0.67
27337,0.5535,0.12333333333333334,0.3231666666666666
27338,0.114,0.846,0.04
27339,0.09,0.28,0.63
27340,0.045,0.095,0.86
27341,0.12,0.16,0.72
27342,0.14,0.34,0.52
27343,0.0,0.03333333333333333,0.9666666666666667
27344,0.06,0.21542857142857144,0.7245714285714285
27345,0.19,0.145,0.665
27346,0.1375,0.14166666666666666,0.7208333333333334
27347,0.1,0.22,0.68
27348,0.10099999999999999,0.16899999999999998,0.73
27349,0.26,0.08066666666666666,0.6593333333333333
27350,0.12333333333333332,0.16,0.7166666666666667
27351,0.08666666666666668,0.25,0.6633333333333333
27352,0.07633333333333332,0.222,0.7016666666666665
27353,0.11,0.18,0.71
27354,0.013333333333333332,0.36,0.6266666666666667
27355,0.17,0.07,0.76
27356,0.08,0.08,0.84
27357,0.09,0.43333333333333335,0.4766666666666666
27358,0.1,0.13,0.77
27359,0.05,0.16,0.79
27360,0.1,0.10833333333333334,0.7916666666666667
27361,0.08,0.91,0.01
27362,0.21,0.41666666666666663,0.37333333333333335
27363,0.12,0.125,0.755
27364,0.01,0.4,0.59
27365,0.02,0.16,0.82
27366,0.11900000000000001,0.29,0.591
27367,0.1225,0.09,0.7875
27368,0.13041666666666665,0.19458333333333333,0.675
27369,0.2,0.73,0.07
27370,0.19833333333333333,0.7816666666666667,0.02
27371,0.24,0.125,0.635
27372,0.14,0.19,0.67
27373,0.185,0.42,0.395
27374,0.06,0.14333333333333334,0.7966666666666665
27375,0.06,0.14,0.8
27376,0.20071428571428573,0.175,0.6242857142857143
27377,0.05,0.42,0.53
27378,0.24,0.37,0.39
27379,0.06,0.155,0.785
27380,0.15,0.45,0.4
27381,0.09,0.33,0.58
27382,0.22,0.25,0.53
27383,0.075,0.16,0.765
27384,0.16,0.275,0.565
27385,0.35,0.12,0.53
27386,0.02,0.13,0.85
27387,0.07666666666666666,0.11,0.8133333333333332
27388,0.03666666666666667,0.06333333333333334,0.9
27389,0.19,0.11833333333333332,0.6916666666666668
27390,0.1,0.2866666666666667,0.6133333333333334
27391,0.134,0.106,0.76
27392,0.2,0.215,0.585
27393,0.08,0.15666666666666665,0.7633333333333333
27394,0.14,0.23,0.63
27395,0.03,0.04,0.93
27396,0.02,0.15226190476190476,0.8277380952380953
27397,0.016666666666666666,0.5766666666666667,0.40666666666666673
27398,0.184,0.135,0.6809999999999999
27399,0.07,0.575,0.355
27400,0.07,0.22666666666666666,0.7033333333333335
27401,0.065,0.09,0.845
27402,0.03,0.43833333333333335,0.5316666666666666
27403,0.13,0.1925,0.6775
27404,0.17,0.82,0.01
27405,0.062,0.33,0.608
27406,0.11,0.25833333333333336,0.6316666666666667
27407,0.12166666666666666,0.06,0.8183333333333332
27408,0.01,0.22,0.77
27409,0.15669047619047619,0.3833095238095238,0.46
27410,0.02,0.185,0.795
27411,0.05333333333333333,0.19666666666666668,0.75
27412,0.14,0.34,0.52
27413,0.18100000000000002,0.17,0.649
27414,0.06,0.555,0.385
27415,0.45,0.17833333333333332,0.3716666666666667
27416,0.11,0.19666666666666666,0.6933333333333335
27417,0.09,0.3275,0.5825
27418,0.145,0.5308333333333334,0.3241666666666667
27419,0.07,0.375,0.555
27420,0.1875,0.23,0.5825
27421,0.1,0.14,0.76
27422,0.13,0.09,0.78
27423,0.0525,0.28,0.6675
27424,0.3275,0.15166666666666667,0.5208333333333333
27425,0.235,0.21,0.555
27426,0.02,0.03,0.95
27427,0.31,0.66,0.03
27428,0.08,0.135,0.785
27429,0.085,0.365,0.55
27430,0.11833333333333332,0.055,0.8266666666666667
27431,0.6698333333333334,0.05,0.2801666666666667
27432,0.10666666666666667,0.2733333333333334,0.62
27433,0.1,0.43,0.47
27434,0.14,0.1,0.76
27435,0.05,0.57,0.38
27436,0.09,0.205,0.705
27437,0.04,0.15666666666666668,0.8033333333333332
27438,0.06,0.18,0.76
27439,0.02,0.17,0.81
27440,0.08333333333333331,0.1,0.8166666666666665
27441,0.23600000000000002,0.09,0.674
27442,0.1875,0.08,0.7325
27443,0.0975,0.25,0.6525
27444,0.15,0.1,0.75
27445,0.0825,0.4,0.5175
27446,0.12066666666666666,0.18,0.6993333333333334
27447,0.1075,0.2615,0.631
27448,0.02,0.18,0.8
27449,0.03,0.12333333333333334,0.8466666666666666
27450,0.07333333333333333,0.88,0.04666666666666666
27451,0.04,0.085,0.875
27452,0.04,0.155,0.805
27453,0.02,0.17,0.81
27454,0.03,0.22,0.75
27455,0.17,0.13,0.7
27456,0.0975,0.22,0.6825
27457,0.09333333333333332,0.13666666666666666,0.77
27458,0.08333333333333331,0.16,0.7566666666666666
27459,0.33,0.49,0.18
27460,0.09,0.17333333333333337,0.7366666666666666
27461,0.078,0.08,0.8420000000000001
27462,0.14,0.12,0.74
27463,0.38,0.11333333333333333,0.5066666666666667
27464,0.07,0.25,0.68
27465,0.20333333333333337,0.13,0.6666666666666665
27466,0.16095238095238096,0.19,0.649047619047619
27467,0.06566666666666666,0.16333333333333333,0.7709999999999999
27468,0.055,0.09,0.855
27469,0.06,0.06,0.88
27470,0.1,0.04,0.86
27471,0.07,0.155,0.775
27472,0.06,0.34,0.6
27473,0.07,0.09,0.84
27474,0.25,0.31,0.44
27475,0.13,0.29,0.58
27476,0.06,0.08,0.86
27477,0.09,0.41,0.5
27478,0.049444444444444444,0.06833333333333334,0.8822222222222222
27479,0.22,0.1125,0.6675
27480,0.08,0.52,0.4
27481,0.02,0.405,0.575
27482,0.096,0.15,0.754
27483,0.07,0.18083333333333335,0.7491666666666668
27484,0.12333333333333334,0.3475,0.5291666666666667
27485,0.12666666666666668,0.21666666666666667,0.6566666666666667
27486,0.08,0.4825,0.4375
27487,0.2333333333333333,0.12,0.6466666666666666
27488,0.13,0.2625,0.6075
27489,0.125,0.19,0.685
27490,0.14,0.02,0.84
27491,0.16,0.81,0.03
27492,0.085,0.115,0.8
27493,0.08,0.12,0.8
27494,0.06,0.22399999999999998,0.716
27495,0.08,0.27,0.65
27496,0.08,0.455,0.465
27497,0.085,0.265,0.65
27498,0.48,0.16,0.36
27499,0.15,0.2525,0.5975
27500,0.07,0.12,0.81
27501,0.092,0.12,0.7879999999999999
27502,0.11333333333333333,0.51,0.3766666666666667
27503,0.05333333333333333,0.1,0.8466666666666666
27504,0.02,0.7,0.28
27505,0.06,0.06,0.88
27506,0.12333333333333334,0.14,0.7366666666666667
27507,0.165,0.05,0.785
27508,0.03,0.07,0.9
27509,0.1,0.15,0.75
27510,0.23,0.19,0.58
27511,0.11285714285714285,0.05,0.8371428571428572
27512,0.07,0.13666666666666666,0.7933333333333334
27513,0.24,0.73,0.03
27514,0.07,0.125,0.805
27515,0.08,0.20333333333333337,0.7166666666666666
27516,0.013333333333333332,0.18,0.8066666666666665
27517,0.18,0.12,0.7
27518,0.06916666666666665,0.08,0.8508333333333334
27519,0.34,0.04,0.62
27520,0.06,0.3225,0.6175
27521,0.22,0.76,0.02
27522,0.28,0.71,0.01
27523,0.12166666666666666,0.8483333333333333,0.03
27524,0.155,0.198,0.647
27525,0.105,0.17333333333333337,0.7216666666666666
27526,0.09,0.17,0.74
27527,0.26428571428571423,0.19333333333333333,0.5423809523809523
27528,0.11,0.15833333333333333,0.7316666666666667
27529,0.09,0.45,0.46
27530,0.09,0.31,0.6
27531,0.1,0.22,0.68
27532,0.06,0.095,0.845
27533,0.04,0.21833333333333335,0.7416666666666666
27534,0.055,0.6833333333333332,0.26166666666666666
27535,0.22,0.16,0.62
27536,0.07,0.08,0.85
27537,0.2,0.29,0.51
27538,0.07333333333333333,0.25666666666666665,0.67
27539,0.1,0.31,0.59
27540,0.16,0.11,0.73
27541,0.07666666666666667,0.59,0.33333333333333326
27542,0.03,0.21,0.76
27543,0.25035714285714283,0.05,0.6996428571428571
27544,0.09,0.11,0.8
27545,0.06,0.23666666666666664,0.7033333333333335
27546,0.19866666666666663,0.16,0.6413333333333333
27547,0.05,0.93,0.02
27548,0.16333333333333336,0.2,0.6366666666666666
27549,0.05,0.41,0.54
27550,0.0825,0.1,0.8175
27551,0.05,0.32,0.63
27552,0.06,0.19,0.75
27553,0.16,0.2623333333333333,0.5776666666666667
27554,0.07,0.685,0.245
27555,0.06,0.17666666666666664,0.7633333333333334
27556,0.085,0.46,0.455
27557,0.025,0.03,0.945
27558,0.01,0.22,0.77
27559,0.13,0.3,0.57
27560,0.09666666666666668,0.10333333333333333,0.8
27561,0.1325,0.17,0.6975
27562,0.085,0.355,0.56
27563,0.065,0.4556666666666667,0.4793333333333333
27564,0.06,0.22399999999999998,0.716
27565,0.07,0.22,0.71
27566,0.11,0.05,0.84
27567,0.10333333333333332,0.22,0.6766666666666665
27568,0.17,0.3,0.53
27569,0.065,0.24,0.695
27570,0.06,0.04,0.9
27571,0.45,0.47,0.08
27572,0.25,0.13,0.62
27573,0.51,0.13,0.36
27574,0.115,0.185,0.7
27575,0.025,0.145,0.83
27576,0.09,0.3066666666666667,0.6033333333333334
27577,0.18,0.19216666666666668,0.6278333333333334
27578,0.0825,0.08,0.8375
27579,0.18,0.11,0.71
27580,0.06,0.23,0.71
27581,0.33,0.155,0.515
27582,0.11,0.2,0.69
27583,0.49,0.04,0.47
27584,0.09,0.30333333333333334,0.6066666666666667
27585,0.05,0.03,0.92
27586,0.09,0.06,0.85
27587,0.0725,0.3,0.6275
27588,0.09,0.6066666666666667,0.30333333333333334
27589,0.09,0.19,0.72
27590,0.2,0.14,0.66
27591,0.03166666666666666,0.10833333333333332,0.86
27592,0.01,0.08,0.91
27593,0.04,0.12,0.84
27594,0.03333333333333333,0.41,0.5566666666666668
27595,0.04083333333333334,0.29,0.6691666666666666
27596,0.11800000000000001,0.2,0.682
27597,0.12,0.18,0.7
27598,0.07,0.12,0.81
27599,0.15,0.326,0.524
27600,0.19833333333333333,0.19,0.6116666666666667
27601,0.15,0.07,0.78
27602,0.18,0.335,0.485
27603,0.3,0.18,0.52
27604,0.12,0.05,0.83
27605,0.25,0.01,0.74
27606,0.05,0.09,0.86
27607,0.16,0.17333333333333337,0.6666666666666667
27608,0.02,0.10333333333333333,0.8766666666666666
27609,0.06,0.215,0.725
27610,0.057999999999999996,0.4936666666666667,0.44833333333333336
27611,0.04,0.92,0.04
27612,0.1758333333333333,0.2791666666666666,0.545
27613,0.08,0.08,0.84
27614,0.61,0.05,0.34
27615,0.0875,0.06,0.8525
27616,0.54,0.44,0.02
27617,0.07916666666666666,0.54,0.3808333333333333
27618,0.06,0.21,0.73
27619,0.065,0.23,0.705
27620,0.11,0.355,0.535
27621,0.06,0.3425,0.5975
27622,0.1,0.88,0.02
27623,0.16,0.15,0.69
27624,0.12166666666666667,0.26333333333333336,0.615
27625,0.0525,0.2175,0.73
27626,0.5141666666666667,0.08083333333333333,0.405
27627,0.06,0.11,0.83
27628,0.22,0.75,0.03
27629,0.1,0.1875,0.7125
27630,0.07,0.28,0.65
27631,0.25,0.14,0.61
27632,0.099,0.10899999999999999,0.7919999999999999
27633,0.08,0.4366666666666667,0.4833333333333333
27634,0.05,0.28,0.67
27635,0.11,0.21,0.68
27636,0.19,0.19,0.62
27637,0.07,0.20833333333333331,0.7216666666666666
27638,0.124,0.191,0.685
27639,0.36666666666666664,0.06666666666666667,0.5666666666666667
27640,0.15,0.21333333333333335,0.6366666666666666
27641,0.14,0.44,0.42
27642,0.06,0.03333333333333333,0.9066666666666667
27643,0.07,0.28,0.65
27644,0.06,0.11,0.83
27645,0.06,0.67,0.27
27646,0.11,0.19,0.7
27647,0.15,0.195,0.655
27648,0.13,0.1775,0.6925
27649,0.05,0.08,0.87
27650,0.075,0.54,0.385
27651,0.11166666666666666,0.18,0.7083333333333333
27652,0.271,0.15,0.579
27653,0.025,0.29,0.685
27654,0.22,0.07,0.71
27655,0.3,0.24,0.46
27656,0.1,0.3338333333333334,0.5661666666666667
27657,0.09,0.46333333333333326,0.4466666666666667
27658,0.1,0.4516666666666667,0.44833333333333336
27659,0.03,0.08916666666666666,0.8808333333333332
27660,0.14,0.1825,0.6775
27661,0.065,0.07,0.865
27662,0.02,0.17,0.81
27663,0.11,0.21,0.68
27664,0.3,0.156,0.544
27665,0.16566666666666666,0.01,0.8243333333333333
27666,0.065,0.44333333333333336,0.49166666666666664
27667,0.04,0.09666666666666668,0.8633333333333333
27668,0.125,0.18666666666666665,0.6883333333333335
27669,0.08666666666666666,0.205,0.7083333333333333
27670,0.13,0.22433333333333333,0.6456666666666666
27671,0.08,0.0525,0.8675
27672,0.2691666666666667,0.14,0.5908333333333334
27673,0.16,0.09,0.75
27674,0.03,0.096,0.8740000000000001
27675,0.09266666666666666,0.1815,0.7258333333333334
27676,0.03666666666666667,0.6233333333333334,0.34
27677,0.055,0.2,0.745
27678,0.09,0.12,0.79
27679,0.1275,0.44666666666666666,0.4258333333333333
27680,0.335,0.595,0.07
27681,0.05,0.42,0.53
27682,0.08666666666666666,0.12266666666666666,0.7906666666666666
27683,0.11,0.4,0.49
27684,0.305,0.06,0.635
27685,0.08800000000000001,0.242,0.67
27686,0.03,0.16,0.81
27687,0.04,0.1775,0.7825
27688,0.07,0.28,0.65
27689,0.04166666666666666,0.38,0.5783333333333333
27690,0.29,0.17,0.54
27691,0.16083333333333336,0.195,0.6441666666666666
27692,0.1225,0.13766666666666666,0.7398333333333332
27693,0.11916666666666668,0.2275,0.6533333333333333
27694,0.02,0.19,0.79
27695,0.06,0.11,0.83
27696,0.17,0.31,0.52
27697,0.14,0.24166666666666664,0.6183333333333333
27698,0.12,0.21,0.67
27699,0.05333333333333334,0.515,0.4316666666666667
27700,0.31,0.63,0.06
27701,0.21,0.29,0.5
27702,0.04,0.12,0.84
27703,0.04,0.27049999999999996,0.6894999999999999
27704,0.02,0.27,0.71
27705,0.11,0.13540476190476192,0.7545952380952382
27706,0.12,0.07,0.81
27707,0.11,0.18,0.71
27708,0.05555555555555555,0.17444444444444443,0.77
27709,0.15,0.11,0.74
27710,0.12833333333333333,0.08166666666666667,0.79
27711,0.24,0.22,0.54
27712,0.1,0.05,0.85
27713,0.065,0.165,0.77
27714,0.12,0.33,0.55
27715,0.31,0.09,0.6
27716,0.06,0.1805,0.7595000000000001
27717,0.065,0.09,0.845
27718,0.18,0.07,0.75
27719,0.12833333333333333,0.115,0.7566666666666666
27720,0.39,0.14300000000000002,0.467
27721,0.15,0.4383333333333333,0.41166666666666674
27722,0.1,0.24,0.66
